6
10
3 11 13 37 43 55 13 56 27 40 2 33 21 49 1 8 21 22 2 35 
5
80
37
35
67
15

25
84 145 114 179 41 57 117 228 85 207 5 32 32 73 37 102 25 81 70 97 48 109 89 173 51 59 39 126 66 107 66 126 57 152 118 178 123 236 51 59 8 110 61 184 86 145 14 92 43 127 
25
192
224
236
224
218
175
208
94
110
195
132
84
124
85
50
73
84
141
110
47
140
247
121
179
154

50
1 500 500 500 248 463 143 249 90 169 129 134 50 116 125 248 60 307 128 170 249 358 61 252 159 271 131 325 170 196 193 213 126 179 30 166 66 113 152 369 204 383 173 181 103 166 143 210 118 325 187 425 60 108 191 382 209 315 248 316 243 429 239 266 27 248 111 289 227 383 172 249 184 249 143 276 78 156 243 489 204 425 240 435 239 292 30 116 73 298 75 119 171 349 231 299 195 353 232 358 
50
172
118
263
236
256
471
326
205
410
469
396
251
460
404
226
355
79
69
244
301
117
424
466
440
357
294
95
88
438
468
273
475
223
465
112
3
130
346
395
211
394
464
252
392
272
22
485
491
362
422

15
135 135 65 65 21 21 131 163 176 236 146 220 12 25 65 71 105 263 112 299 180 310 51 81 81 263 169 216 57 161 
8
135
20
383
246
48
77
310
21

20
37 184 87 292 75 77 125 238 181 321 231 360 184 217 234 308 154 205 204 302 8 39 58 219 161 235 211 317 135 210 185 305 56 202 106 301 70 242 120 321 
15
84
109
210
97
29
88
126
232
235
205
59
212
186
107
121

15
112 225 13 112 34 178 193 370 21 210 87 99 122 293 177 303 129 247 49 243 62 116 174 231 193 346 176 179 183 370 
8
112
1
265
92
224
346
134
267

