100
100 1
100
10 3
20 3 15
234216 1
507078
1000000 5
294668 584240 607502 525710 232527
5 5
2 1 3 1 3
971585 4
299024 396515 282242 358403
665530 5
548122 33812 133226 582507 600612
3 3
1 1 100
493356 4
854158 933425 466580 253794
53255 4
707150 803253 703720 941365
392211 5
169805 277290 316261 680579 780595
490090 4
918742 23143 10429 819663
2 4
2 2 2 6
1 5
2 2 2 1 1
177571 5
726540 450558 238082 228954 186952
825669 5
16367 87127 52213 365245 162151
1 5
1000000 1000000 1000000 1000000 1000000
552304 1
544989
1 5
7 6 4 5 8
524085 5
94116 389591 108033 161563 181802
387622 2
994774 827304
6 5
300 458 434 244 20
11 5
5 5 5 5 10
811015 2
62472 85758
409840 4
365059 969429 978752 729254
847843 5
217152 410963 830748 639362 587291
1000000 5
747580 290368 384658 730386 133780
627024 3
948568 683534 53148
237185 2
451329 418559
963469 2
693658 535282
403431 2
173435 167477
398827 5
264003 143722 95846 18517 338695
1 5
466455 843413 796484 593375 488876
441906 4
340597 505747 379147 498390
337980 3
629875 402990 741410
2 5
5 3 5 1 9
1000000 1
1000000
485728 5
11568 664124 273411 124748 39960
10 5
659 543 622 593 686
182425 5
845424 712706 674600 348097 345697
9 5
3 2 1 3 3
543028 5
964155 785222 623617 70039 13208
91091 2
244751 161211
35268 5
922723 470427 724275 352805 21298
849289 1
421185
458509 3
575443 910450 139087
950796 2
82748 594552
3 4
2 2 2 4
98578 1
124473
144242 2
179760 69454
105479 3
746778 673378 722407
312106 2
382139 152219
83072 2
265573 420890
1000000 5
160976 462131 147604 548065 456584
901913 4
247098 420512 925055 257526
1000000 5
626792 437833 560280 665839 267447
86818 4
573488 270457 685917 684391
113852 5
200433 474717 259958 416251 86778
11 5
10 5 5 5 5
427337 1
752100
1000000 5
1 1 1 1 1
74779 1
456873
884549 4
487962 83128 514423 407303
558370 2
457478 568162
113181 4
859485 791875 663755 976300
934068 5
53877 70373 382941 110460 29599
304854 2
532611 237709
642490 5
386838 20057 369029 615791 258138
852416 5
711729 607181 587941 425040 39617
1000000 5
1000000 1000000 1000000 1000000 1000000
723051 1
989051
274219 5
258546 368145 136267 449497 729920
635284 3
640942 331752 522066
422211 3
659977 947059 435418
906066 1
76353
2 5
1 1 1 1 1
123009 4
60898 915966 783603 240657
697494 5
122565 323760 622655 940344 974172
337908 5
646602 605691 4191 34223 600464
75025 5
16124 99956 183970 701070 929419
1000000 5
285442 9013 456940 796766 638163
10 5
5 5 5 5 10
641424 5
656047 957293 248604 243988 952233
1 5
1 1 1 1 1
5 5
435 2 748 280 10
437093 1
376507
57871 5
661746 609100 607870 493098 222725
384570 3
977357 556291 445911
910971 5
120343 209979 133695 729442 871724
275440 5
790517 761513 587546 172656 913731
777362 4
915271 278826 328981 837994
6 5
10 36 48 52 30
759226 5
21931 116565 562312 909772 918970
9 5
1 2 1 1 1
7 5
1 3 5 5 3
639926 5
348969 125651 271172 282749 23144
994974 5
97404 353069 443978 794306 886914
1000000 1
999999
305403 4
679839 601807 427967 532254
3 4
2 2 2 3
